case	comparison	snf_fda-cgc
ACH-000001	ACH-000001	0.426617513
ACH-000001	ACH-000007	0.980618559
ACH-000001	ACH-000008	0.980993814
ACH-000001	ACH-000009	0.980678917
ACH-000001	ACH-000012	0.980477399
ACH-000001	ACH-000015	0.980714209
ACH-000001	ACH-000023	0.980444164
ACH-000001	ACH-000030	0.980981392
ACH-000001	ACH-000035	0.980327406
ACH-000001	ACH-000040	0.9805624
ACH-000001	ACH-000042	0.979904395
ACH-000001	ACH-000047	0.980531814
ACH-000001	ACH-000052	0.97983639
ACH-000001	ACH-000055	0.980525128
ACH-000001	ACH-000062	0.98062142
ACH-000001	ACH-000067	0.981092876
ACH-000001	ACH-000078	0.980274756
ACH-000001	ACH-000082	0.980641396
ACH-000001	ACH-000087	0.980792447
ACH-000001	ACH-000092	0.980618796
ACH-000001	ACH-000094	0.981301204
ACH-000001	ACH-000098	0.980776176
ACH-000001	ACH-000099	0.980560462
ACH-000001	ACH-000100	0.980853092
ACH-000001	ACH-000102	0.981502679
ACH-000001	ACH-000103	0.980946617
ACH-000001	ACH-000107	0.981115602
ACH-000001	ACH-000109	0.980514567
ACH-000001	ACH-000111	0.981129737
ACH-000001	ACH-000114	0.981203062
ACH-000001	ACH-000115	0.98027415
ACH-000001	ACH-000117	0.981237564
ACH-000001	ACH-000121	0.980251833
ACH-000001	ACH-000129	0.980707798
ACH-000001	ACH-000132	0.980751769
ACH-000001	ACH-000138	0.980849774
ACH-000001	ACH-000139	0.980949074
ACH-000001	ACH-000142	0.981366105
ACH-000001	ACH-000144	0.980297974
ACH-000001	ACH-000145	0.980608517
ACH-000001	ACH-000147	0.980801443
ACH-000001	ACH-000148	0.980737427
ACH-000001	ACH-000149	0.980663423
ACH-000001	ACH-000159	0.981479215
ACH-000001	ACH-000161	0.980493794
ACH-000001	ACH-000171	0.979385936
ACH-000001	ACH-000174	0.980106048
ACH-000001	ACH-000176	0.981242284
ACH-000001	ACH-000181	0.980745595
ACH-000007	ACH-000001	0.980618559
ACH-000007	ACH-000007	0.427801498
ACH-000007	ACH-000008	0.979392535
ACH-000007	ACH-000009	0.981572096
ACH-000007	ACH-000012	0.980605556
ACH-000007	ACH-000015	0.981277876
ACH-000007	ACH-000023	0.980231562
ACH-000007	ACH-000030	0.979909105
ACH-000007	ACH-000035	0.980338996
ACH-000007	ACH-000040	0.980246953
ACH-000007	ACH-000042	0.98075889
ACH-000007	ACH-000047	0.980303851
ACH-000007	ACH-000052	0.9805485
ACH-000007	ACH-000055	0.980169286
ACH-000007	ACH-000062	0.97987851
ACH-000007	ACH-000067	0.979974319
ACH-000007	ACH-000078	0.980758946
ACH-000007	ACH-000082	0.981298525
ACH-000007	ACH-000087	0.980915607
ACH-000007	ACH-000092	0.981392282
ACH-000007	ACH-000094	0.980923764
ACH-000007	ACH-000098	0.981563642
ACH-000007	ACH-000099	0.979819252
ACH-000007	ACH-000100	0.981600925
ACH-000007	ACH-000102	0.980786943
ACH-000007	ACH-000103	0.980892996
ACH-000007	ACH-000107	0.980565367
ACH-000007	ACH-000109	0.979934515
ACH-000007	ACH-000111	0.981330786
ACH-000007	ACH-000114	0.980945599
ACH-000007	ACH-000115	0.981247614
ACH-000007	ACH-000117	0.980594154
ACH-000007	ACH-000121	0.981578465
ACH-000007	ACH-000129	0.98042586
ACH-000007	ACH-000132	0.980858657
ACH-000007	ACH-000138	0.980653684
ACH-000007	ACH-000139	0.979629816
ACH-000007	ACH-000142	0.980457058
ACH-000007	ACH-000144	0.98084585
ACH-000007	ACH-000145	0.981251008
ACH-000007	ACH-000147	0.981000882
ACH-000007	ACH-000148	0.981401949
ACH-000007	ACH-000149	0.980015481
ACH-000007	ACH-000159	0.980414649
ACH-000007	ACH-000161	0.979890327
ACH-000007	ACH-000171	0.980588403
ACH-000007	ACH-000174	0.981573469
ACH-000007	ACH-000176	0.980183416
ACH-000007	ACH-000181	0.980848516
ACH-000008	ACH-000001	0.980993814
ACH-000008	ACH-000007	0.979392535
ACH-000008	ACH-000008	0.427796765
ACH-000008	ACH-000009	0.981593043
ACH-000008	ACH-000012	0.980689297
ACH-000008	ACH-000015	0.981569878
ACH-000008	ACH-000023	0.980620836
ACH-000008	ACH-000030	0.98032088
ACH-000008	ACH-000035	0.980968989
ACH-000008	ACH-000040	0.980566006
ACH-000008	ACH-000042	0.981095948
ACH-000008	ACH-000047	0.980442976
ACH-000008	ACH-000052	0.978864383
ACH-000008	ACH-000055	0.97989094
ACH-000008	ACH-000062	0.979985538
ACH-000008	ACH-000067	0.980065308
ACH-000008	ACH-000078	0.981101786
ACH-000008	ACH-000082	0.981000527
ACH-000008	ACH-000087	0.981162884
ACH-000008	ACH-000092	0.981526377
ACH-000008	ACH-000094	0.980852889
ACH-000008	ACH-000098	0.980904354
ACH-000008	ACH-000099	0.980216774
ACH-000008	ACH-000100	0.981571792
ACH-000008	ACH-000102	0.98027504
ACH-000008	ACH-000103	0.980710379
ACH-000008	ACH-000107	0.980304014
ACH-000008	ACH-000109	0.979954636
ACH-000008	ACH-000111	0.980849038
ACH-000008	ACH-000114	0.980870709
ACH-000008	ACH-000115	0.981533449
ACH-000008	ACH-000117	0.980609573
ACH-000008	ACH-000121	0.981256847
ACH-000008	ACH-000129	0.980277797
ACH-000008	ACH-000132	0.980578144
ACH-000008	ACH-000138	0.980707271
ACH-000008	ACH-000139	0.979473837
ACH-000008	ACH-000142	0.980265164
ACH-000008	ACH-000144	0.981139441
ACH-000008	ACH-000145	0.981228495
ACH-000008	ACH-000147	0.981294303
ACH-000008	ACH-000148	0.980981053
ACH-000008	ACH-000149	0.980139272
ACH-000008	ACH-000159	0.980800078
ACH-000008	ACH-000161	0.979997926
ACH-000008	ACH-000171	0.98099328
ACH-000008	ACH-000174	0.981604059
ACH-000008	ACH-000176	0.980047261
ACH-000008	ACH-000181	0.981137213
ACH-000009	ACH-000001	0.980678917
ACH-000009	ACH-000007	0.981572096
ACH-000009	ACH-000008	0.981593043
ACH-000009	ACH-000009	0.428598426
ACH-000009	ACH-000012	0.981224845
ACH-000009	ACH-000015	0.979920485
ACH-000009	ACH-000023	0.980626851
ACH-000009	ACH-000030	0.981522696
ACH-000009	ACH-000035	0.980415375
ACH-000009	ACH-000040	0.980586454
ACH-000009	ACH-000042	0.980246228
ACH-000009	ACH-000047	0.980951075
ACH-000009	ACH-000052	0.981042695
ACH-000009	ACH-000055	0.98138056
ACH-000009	ACH-000062	0.981227676
ACH-000009	ACH-000067	0.981297119
ACH-000009	ACH-000078	0.980813924
ACH-000009	ACH-000082	0.980914006
ACH-000009	ACH-000087	0.980383163
ACH-000009	ACH-000092	0.979728989
ACH-000009	ACH-000094	0.980618982
ACH-000009	ACH-000098	0.97977699
ACH-000009	ACH-000099	0.981149244
ACH-000009	ACH-000100	0.97943594
ACH-000009	ACH-000102	0.980563544
ACH-000009	ACH-000103	0.980756105
ACH-000009	ACH-000107	0.980265503
ACH-000009	ACH-000109	0.981224787
ACH-000009	ACH-000111	0.980115829
ACH-000009	ACH-000114	0.980358628
ACH-000009	ACH-000115	0.980172515
ACH-000009	ACH-000117	0.980813789
ACH-000009	ACH-000121	0.979825097
ACH-000009	ACH-000129	0.981196287
ACH-000009	ACH-000132	0.980429568
ACH-000009	ACH-000138	0.98097083
ACH-000009	ACH-000139	0.980875393
ACH-000009	ACH-000142	0.980732604
ACH-000009	ACH-000144	0.980022939
ACH-000009	ACH-000145	0.979838462
ACH-000009	ACH-000147	0.980903742
ACH-000009	ACH-000148	0.980159631
ACH-000009	ACH-000149	0.980740639
ACH-000009	ACH-000159	0.980047194
ACH-000009	ACH-000161	0.980862367
ACH-000009	ACH-000171	0.980880965
ACH-000009	ACH-000174	0.97939093
ACH-000009	ACH-000176	0.981244454
ACH-000009	ACH-000181	0.979793594
ACH-000012	ACH-000001	0.980477399
ACH-000012	ACH-000007	0.980605556
ACH-000012	ACH-000008	0.980689297
ACH-000012	ACH-000009	0.981224845
ACH-000012	ACH-000012	0.426978363
ACH-000012	ACH-000015	0.981102855
ACH-000012	ACH-000023	0.980662212
ACH-000012	ACH-000030	0.980040505
ACH-000012	ACH-000035	0.98004028
ACH-000012	ACH-000040	0.980241931
ACH-000012	ACH-000042	0.980427869
ACH-000012	ACH-000047	0.980205783
ACH-000012	ACH-000052	0.980435073
ACH-000012	ACH-000055	0.980698065
ACH-000012	ACH-000062	0.98063046
ACH-000012	ACH-000067	0.97991996
ACH-000012	ACH-000078	0.979881832
ACH-000012	ACH-000082	0.979921386
ACH-000012	ACH-000087	0.980597379
ACH-000012	ACH-000092	0.981117297
ACH-000012	ACH-000094	0.981271384
ACH-000012	ACH-000098	0.980697099
ACH-000012	ACH-000099	0.981290907
ACH-000012	ACH-000100	0.980823786
ACH-000012	ACH-000102	0.981463269
ACH-000012	ACH-000103	0.981293273
ACH-000012	ACH-000107	0.981487035
ACH-000012	ACH-000109	0.980251676
ACH-000012	ACH-000111	0.98066012
ACH-000012	ACH-000114	0.981511649
ACH-000012	ACH-000115	0.980712253
ACH-000012	ACH-000117	0.980770815
ACH-000012	ACH-000121	0.980833169
ACH-000012	ACH-000129	0.980927169
ACH-000012	ACH-000132	0.981119367
ACH-000012	ACH-000138	0.980730986
ACH-000012	ACH-000139	0.980702659
ACH-000012	ACH-000142	0.981337051
ACH-000012	ACH-000144	0.981100625
ACH-000012	ACH-000145	0.981091508
ACH-000012	ACH-000147	0.980981712
ACH-000012	ACH-000148	0.980729645
ACH-000012	ACH-000149	0.978678319
ACH-000012	ACH-000159	0.98156632
ACH-000012	ACH-000161	0.981129729
ACH-000012	ACH-000171	0.980545154
ACH-000012	ACH-000174	0.98084168
ACH-000012	ACH-000176	0.980591774
ACH-000012	ACH-000181	0.981100574
ACH-000015	ACH-000001	0.980714209
ACH-000015	ACH-000007	0.981277876
ACH-000015	ACH-000008	0.981569878
ACH-000015	ACH-000009	0.979920485
ACH-000015	ACH-000012	0.981102855
ACH-000015	ACH-000015	0.428451128
ACH-000015	ACH-000023	0.980838755
ACH-000015	ACH-000030	0.981392027
ACH-000015	ACH-000035	0.979979027
ACH-000015	ACH-000040	0.980875998
ACH-000015	ACH-000042	0.980085666
ACH-000015	ACH-000047	0.980527346
ACH-000015	ACH-000052	0.981134339
ACH-000015	ACH-000055	0.980819825
ACH-000015	ACH-000062	0.981602703
ACH-000015	ACH-000067	0.981123816
ACH-000015	ACH-000078	0.980516214
ACH-000015	ACH-000082	0.980371379
ACH-000015	ACH-000087	0.980054142
ACH-000015	ACH-000092	0.979741092
ACH-000015	ACH-000094	0.980375132
ACH-000015	ACH-000098	0.979755683
ACH-000015	ACH-000099	0.981475826
ACH-000015	ACH-000100	0.979676132
ACH-000015	ACH-000102	0.980788
ACH-000015	ACH-000103	0.980371119
ACH-000015	ACH-000107	0.980751604
ACH-000015	ACH-000109	0.981241821
ACH-000015	ACH-000111	0.980112889
ACH-000015	ACH-000114	0.980376521
ACH-000015	ACH-000115	0.979769942
ACH-000015	ACH-000117	0.981183426
ACH-000015	ACH-000121	0.979981207
ACH-000015	ACH-000129	0.981183573
ACH-000015	ACH-000132	0.980356094
ACH-000015	ACH-000138	0.981064081
ACH-000015	ACH-000139	0.981583604
ACH-000015	ACH-000142	0.981556108
ACH-000015	ACH-000144	0.980474723
ACH-000015	ACH-000145	0.98006681
ACH-000015	ACH-000147	0.980502371
ACH-000015	ACH-000148	0.979296185
ACH-000015	ACH-000149	0.980841904
ACH-000015	ACH-000159	0.980670471
ACH-000015	ACH-000161	0.981282286
ACH-000015	ACH-000171	0.980747935
ACH-000015	ACH-000174	0.979826506
ACH-000015	ACH-000176	0.981208011
ACH-000015	ACH-000181	0.980168586
ACH-000023	ACH-000001	0.980444164
ACH-000023	ACH-000007	0.980231562
ACH-000023	ACH-000008	0.980620836
ACH-000023	ACH-000009	0.980626851
ACH-000023	ACH-000012	0.980662212
ACH-000023	ACH-000015	0.980838755
ACH-000023	ACH-000023	0.426778645
ACH-000023	ACH-000030	0.980695507
ACH-000023	ACH-000035	0.980276966
ACH-000023	ACH-000040	0.98038845
ACH-000023	ACH-000042	0.980226663
ACH-000023	ACH-000047	0.978731187
ACH-000023	ACH-000052	0.980713251
ACH-000023	ACH-000055	0.980950236
ACH-000023	ACH-000062	0.978369381
ACH-000023	ACH-000067	0.981082763
ACH-000023	ACH-000078	0.980824226
ACH-000023	ACH-000082	0.980320661
ACH-000023	ACH-000087	0.981337504
ACH-000023	ACH-000092	0.980973377
ACH-000023	ACH-000094	0.981136272
ACH-000023	ACH-000098	0.980612369
ACH-000023	ACH-000099	0.980724887
ACH-000023	ACH-000100	0.980596012
ACH-000023	ACH-000102	0.9807903
ACH-000023	ACH-000103	0.980877906
ACH-000023	ACH-000107	0.981116136
ACH-000023	ACH-000109	0.98073958
ACH-000023	ACH-000111	0.980887177
ACH-000023	ACH-000114	0.980725741
ACH-000023	ACH-000115	0.980925699
ACH-000023	ACH-000117	0.980778477
ACH-000023	ACH-000121	0.980607892
ACH-000023	ACH-000129	0.981322845
ACH-000023	ACH-000132	0.981165214
ACH-000023	ACH-000138	0.980837366
ACH-000023	ACH-000139	0.980158434
ACH-000023	ACH-000142	0.981053462
ACH-000023	ACH-000144	0.980473823
ACH-000023	ACH-000145	0.98075839
ACH-000023	ACH-000147	0.980472617
ACH-000023	ACH-000148	0.980932339
ACH-000023	ACH-000149	0.98028618
ACH-000023	ACH-000159	0.98090686
ACH-000023	ACH-000161	0.980958923
ACH-000023	ACH-000171	0.980893153
ACH-000023	ACH-000174	0.9809407
ACH-000023	ACH-000176	0.981022219
ACH-000023	ACH-000181	0.980558938
ACH-000030	ACH-000001	0.980981392
ACH-000030	ACH-000007	0.979909105
ACH-000030	ACH-000008	0.98032088
ACH-000030	ACH-000009	0.981522696
ACH-000030	ACH-000012	0.980040505
ACH-000030	ACH-000015	0.981392027
ACH-000030	ACH-000023	0.980695507
ACH-000030	ACH-000030	0.428523786
ACH-000030	ACH-000035	0.979624158
ACH-000030	ACH-000040	0.981107013
ACH-000030	ACH-000042	0.980625985
ACH-000030	ACH-000047	0.9810214
ACH-000030	ACH-000052	0.980605821
ACH-000030	ACH-000055	0.979829874
ACH-000030	ACH-000062	0.980220569
ACH-000030	ACH-000067	0.979373627
ACH-000030	ACH-000078	0.981299626
ACH-000030	ACH-000082	0.981379383
ACH-000030	ACH-000087	0.981561958
ACH-000030	ACH-000092	0.981156353
ACH-000030	ACH-000094	0.980189254
ACH-000030	ACH-000098	0.981608953
ACH-000030	ACH-000099	0.980448168
ACH-000030	ACH-000100	0.981562677
ACH-000030	ACH-000102	0.980591111
ACH-000030	ACH-000103	0.980541207
ACH-000030	ACH-000107	0.980209658
ACH-000030	ACH-000109	0.97900222
ACH-000030	ACH-000111	0.981566162
ACH-000030	ACH-000114	0.980860231
ACH-000030	ACH-000115	0.980800934
ACH-000030	ACH-000117	0.980336007
ACH-000030	ACH-000121	0.980892717
ACH-000030	ACH-000129	0.980579721
ACH-000030	ACH-000132	0.980370112
ACH-000030	ACH-000138	0.980372652
ACH-000030	ACH-000139	0.979187301
ACH-000030	ACH-000142	0.98038538
ACH-000030	ACH-000144	0.981243186
ACH-000030	ACH-000145	0.981359277
ACH-000030	ACH-000147	0.981020551
ACH-000030	ACH-000148	0.981541219
ACH-000030	ACH-000149	0.981024554
ACH-000030	ACH-000159	0.980841425
ACH-000030	ACH-000161	0.979870471
ACH-000030	ACH-000171	0.980629681
ACH-000030	ACH-000174	0.981203931
ACH-000030	ACH-000176	0.979359988
ACH-000030	ACH-000181	0.981575286
ACH-000035	ACH-000001	0.980327406
ACH-000035	ACH-000007	0.980338996
ACH-000035	ACH-000008	0.980968989
ACH-000035	ACH-000009	0.980415375
ACH-000035	ACH-000012	0.98004028
ACH-000035	ACH-000015	0.979979027
ACH-000035	ACH-000023	0.980276966
ACH-000035	ACH-000030	0.979624158
ACH-000035	ACH-000035	0.427362851
ACH-000035	ACH-000040	0.98051096
ACH-000035	ACH-000042	0.980164005
ACH-000035	ACH-000047	0.980450079
ACH-000035	ACH-000052	0.980847404
ACH-000035	ACH-000055	0.980575713
ACH-000035	ACH-000062	0.980882036
ACH-000035	ACH-000067	0.979216345
ACH-000035	ACH-000078	0.980549762
ACH-000035	ACH-000082	0.980679915
ACH-000035	ACH-000087	0.981228269
ACH-000035	ACH-000092	0.980906089
ACH-000035	ACH-000094	0.981107703
ACH-000035	ACH-000098	0.980642025
ACH-000035	ACH-000099	0.980799557
ACH-000035	ACH-000100	0.980257163
ACH-000035	ACH-000102	0.981164909
ACH-000035	ACH-000103	0.981213235
ACH-000035	ACH-000107	0.98150041
ACH-000035	ACH-000109	0.979640523
ACH-000035	ACH-000111	0.980961849
ACH-000035	ACH-000114	0.981480953
ACH-000035	ACH-000115	0.98057229
ACH-000035	ACH-000117	0.981335377
ACH-000035	ACH-000121	0.980964527
ACH-000035	ACH-000129	0.980965757
ACH-000035	ACH-000132	0.981070432
ACH-000035	ACH-000138	0.981127959
ACH-000035	ACH-000139	0.981000535
ACH-000035	ACH-000142	0.980992968
ACH-000035	ACH-000144	0.980554292
ACH-000035	ACH-000145	0.980999212
ACH-000035	ACH-000147	0.980732845
ACH-000035	ACH-000148	0.980290862
ACH-000035	ACH-000149	0.980291468
ACH-000035	ACH-000159	0.980797548
ACH-000035	ACH-000161	0.981090055
ACH-000035	ACH-000171	0.980428971
ACH-000035	ACH-000174	0.980431065
ACH-000035	ACH-000176	0.979727118
ACH-000035	ACH-000181	0.980986303
ACH-000040	ACH-000001	0.9805624
ACH-000040	ACH-000007	0.980246953
ACH-000040	ACH-000008	0.980566006
ACH-000040	ACH-000009	0.980586454
ACH-000040	ACH-000012	0.980241931
ACH-000040	ACH-000015	0.980875998
ACH-000040	ACH-000023	0.98038845
ACH-000040	ACH-000030	0.981107013
ACH-000040	ACH-000035	0.98051096
ACH-000040	ACH-000040	0.426384273
ACH-000040	ACH-000042	0.98046675
ACH-000040	ACH-000047	0.980240504
ACH-000040	ACH-000052	0.980381141
ACH-000040	ACH-000055	0.980635029
ACH-000040	ACH-000062	0.98091779
ACH-000040	ACH-000067	0.980420946
ACH-000040	ACH-000078	0.979763797
ACH-000040	ACH-000082	0.980226189
ACH-000040	ACH-000087	0.980238824
ACH-000040	ACH-000092	0.980788081
ACH-000040	ACH-000094	0.981550275
ACH-000040	ACH-000098	0.980533295
ACH-000040	ACH-000099	0.980731308
ACH-000040	ACH-000100	0.980232604
ACH-000040	ACH-000102	0.980837078
ACH-000040	ACH-000103	0.981069513
ACH-000040	ACH-000107	0.981529208
ACH-000040	ACH-000109	0.981058385
ACH-000040	ACH-000111	0.980137608
ACH-000040	ACH-000114	0.981453619
ACH-000040	ACH-000115	0.980957624
ACH-000040	ACH-000117	0.980635034
ACH-000040	ACH-000121	0.980949694
ACH-000040	ACH-000129	0.981214275
ACH-000040	ACH-000132	0.981528096
ACH-000040	ACH-000138	0.980856136
ACH-000040	ACH-000139	0.980629021
ACH-000040	ACH-000142	0.980807927
ACH-000040	ACH-000144	0.979820704
ACH-000040	ACH-000145	0.980162319
ACH-000040	ACH-000147	0.980347899
ACH-000040	ACH-000148	0.98046181
ACH-000040	ACH-000149	0.980350897
ACH-000040	ACH-000159	0.980833836
ACH-000040	ACH-000161	0.980878402
ACH-000040	ACH-000171	0.980497267
ACH-000040	ACH-000174	0.98093725
ACH-000040	ACH-000176	0.981241913
ACH-000040	ACH-000181	0.980556447
ACH-000042	ACH-000001	0.979904395
ACH-000042	ACH-000007	0.98075889
ACH-000042	ACH-000008	0.981095948
ACH-000042	ACH-000009	0.980246228
ACH-000042	ACH-000012	0.980427869
ACH-000042	ACH-000015	0.980085666
ACH-000042	ACH-000023	0.980226663
ACH-000042	ACH-000030	0.980625985
ACH-000042	ACH-000035	0.980164005
ACH-000042	ACH-000040	0.98046675
ACH-000042	ACH-000042	0.426994691
ACH-000042	ACH-000047	0.980560856
ACH-000042	ACH-000052	0.979995021
ACH-000042	ACH-000055	0.980696525
ACH-000042	ACH-000062	0.98088962
ACH-000042	ACH-000067	0.981169247
ACH-000042	ACH-000078	0.980578611
ACH-000042	ACH-000082	0.980261735
ACH-000042	ACH-000087	0.981081737
ACH-000042	ACH-000092	0.980461838
ACH-000042	ACH-000094	0.981102727
ACH-000042	ACH-000098	0.981008197
ACH-000042	ACH-000099	0.980691603
ACH-000042	ACH-000100	0.981014114
ACH-000042	ACH-000102	0.981623425
ACH-000042	ACH-000103	0.981169858
ACH-000042	ACH-000107	0.980923001
ACH-000042	ACH-000109	0.98072885
ACH-000042	ACH-000111	0.980671494
ACH-000042	ACH-000114	0.981320443
ACH-000042	ACH-000115	0.980460675
ACH-000042	ACH-000117	0.980878328
ACH-000042	ACH-000121	0.980369552
ACH-000042	ACH-000129	0.981334814
ACH-000042	ACH-000132	0.981010261
ACH-000042	ACH-000138	0.980470285
ACH-000042	ACH-000139	0.980615531
ACH-000042	ACH-000142	0.98134329
ACH-000042	ACH-000144	0.98007561
ACH-000042	ACH-000145	0.980879665
ACH-000042	ACH-000147	0.980322013
ACH-000042	ACH-000148	0.980423894
ACH-000042	ACH-000149	0.980673563
ACH-000042	ACH-000159	0.981554878
ACH-000042	ACH-000161	0.97807021
ACH-000042	ACH-000171	0.979749598
ACH-000042	ACH-000174	0.98046704
ACH-000042	ACH-000176	0.981223214
ACH-000042	ACH-000181	0.980354289
ACH-000047	ACH-000001	0.980531814
ACH-000047	ACH-000007	0.980303851
ACH-000047	ACH-000008	0.980442976
ACH-000047	ACH-000009	0.980951075
ACH-000047	ACH-000012	0.980205783
ACH-000047	ACH-000015	0.980527346
ACH-000047	ACH-000023	0.978731187
ACH-000047	ACH-000030	0.9810214
ACH-000047	ACH-000035	0.980450079
ACH-000047	ACH-000040	0.980240504
ACH-000047	ACH-000042	0.980560856
ACH-000047	ACH-000047	0.427152417
ACH-000047	ACH-000052	0.980981449
ACH-000047	ACH-000055	0.981165169
ACH-000047	ACH-000062	0.979625587
ACH-000047	ACH-000067	0.980685135
ACH-000047	ACH-000078	0.979568227
ACH-000047	ACH-000082	0.979737912
ACH-000047	ACH-000087	0.980902032
ACH-000047	ACH-000092	0.980585123
ACH-000047	ACH-000094	0.981551877
ACH-000047	ACH-000098	0.980677912
ACH-000047	ACH-000099	0.981054229
ACH-000047	ACH-000100	0.9809415
ACH-000047	ACH-000102	0.981147958
ACH-000047	ACH-000103	0.981235524
ACH-000047	ACH-000107	0.981454862
ACH-000047	ACH-000109	0.981156158
ACH-000047	ACH-000111	0.980080196
ACH-000047	ACH-000114	0.981184824
ACH-000047	ACH-000115	0.980456186
ACH-000047	ACH-000117	0.980769163
ACH-000047	ACH-000121	0.980905833
ACH-000047	ACH-000129	0.980970325
ACH-000047	ACH-000132	0.981181961
ACH-000047	ACH-000138	0.980042149
ACH-000047	ACH-000139	0.98108789
ACH-000047	ACH-000142	0.981004411
ACH-000047	ACH-000144	0.980417204
ACH-000047	ACH-000145	0.980922898
ACH-000047	ACH-000147	0.980443551
ACH-000047	ACH-000148	0.980561793
ACH-000047	ACH-000149	0.980358143
ACH-000047	ACH-000159	0.98134174
ACH-000047	ACH-000161	0.980801701
ACH-000047	ACH-000171	0.981049804
ACH-000047	ACH-000174	0.98112294
ACH-000047	ACH-000176	0.98107388
ACH-000047	ACH-000181	0.980231904
ACH-000052	ACH-000001	0.97983639
ACH-000052	ACH-000007	0.9805485
ACH-000052	ACH-000008	0.978864383
ACH-000052	ACH-000009	0.981042695
ACH-000052	ACH-000012	0.980435073
ACH-000052	ACH-000015	0.981134339
ACH-000052	ACH-000023	0.980713251
ACH-000052	ACH-000030	0.980605821
ACH-000052	ACH-000035	0.980847404
ACH-000052	ACH-000040	0.980381141
ACH-000052	ACH-000042	0.979995021
ACH-000052	ACH-000047	0.980981449
ACH-000052	ACH-000052	0.426446097
ACH-000052	ACH-000055	0.98055305
ACH-000052	ACH-000062	0.980683123
ACH-000052	ACH-000067	0.980863556
ACH-000052	ACH-000078	0.980728996
ACH-000052	ACH-000082	0.980232482
ACH-000052	ACH-000087	0.979560786
ACH-000052	ACH-000092	0.980637821
ACH-000052	ACH-000094	0.981553664
ACH-000052	ACH-000098	0.981223365
ACH-000052	ACH-000099	0.981009331
ACH-000052	ACH-000100	0.981272656
ACH-000052	ACH-000102	0.981403639
ACH-000052	ACH-000103	0.980858747
ACH-000052	ACH-000107	0.98150348
ACH-000052	ACH-000109	0.980572921
ACH-000052	ACH-000111	0.981176045
ACH-000052	ACH-000114	0.981245672
ACH-000052	ACH-000115	0.980333733
ACH-000052	ACH-000117	0.980662636
ACH-000052	ACH-000121	0.98032924
ACH-000052	ACH-000129	0.981279875
ACH-000052	ACH-000132	0.981487374
ACH-000052	ACH-000138	0.980812203
ACH-000052	ACH-000139	0.980577746
ACH-000052	ACH-000142	0.981216408
ACH-000052	ACH-000144	0.980273078
ACH-000052	ACH-000145	0.980459215
ACH-000052	ACH-000147	0.980648001
ACH-000052	ACH-000148	0.981146058
ACH-000052	ACH-000149	0.980804938
ACH-000052	ACH-000159	0.981405264
ACH-000052	ACH-000161	0.980749313
ACH-000052	ACH-000171	0.978755676
ACH-000052	ACH-000174	0.980859165
ACH-000052	ACH-000176	0.980867947
ACH-000052	ACH-000181	0.981215126
ACH-000055	ACH-000001	0.980525128
ACH-000055	ACH-000007	0.980169286
ACH-000055	ACH-000008	0.97989094
ACH-000055	ACH-000009	0.98138056
ACH-000055	ACH-000012	0.980698065
ACH-000055	ACH-000015	0.980819825
ACH-000055	ACH-000023	0.980950236
ACH-000055	ACH-000030	0.979829874
ACH-000055	ACH-000035	0.980575713
ACH-000055	ACH-000040	0.980635029
ACH-000055	ACH-000042	0.980696525
ACH-000055	ACH-000047	0.981165169
ACH-000055	ACH-000052	0.98055305
ACH-000055	ACH-000055	0.428169416
ACH-000055	ACH-000062	0.980171558
ACH-000055	ACH-000067	0.980302557
ACH-000055	ACH-000078	0.981129426
ACH-000055	ACH-000082	0.980716926
ACH-000055	ACH-000087	0.981474845
ACH-000055	ACH-000092	0.981140778
ACH-000055	ACH-000094	0.980422377
ACH-000055	ACH-000098	0.981289474
ACH-000055	ACH-000099	0.980323399
ACH-000055	ACH-000100	0.981240649
ACH-000055	ACH-000102	0.980784127
ACH-000055	ACH-000103	0.980490979
ACH-000055	ACH-000107	0.980433246
ACH-000055	ACH-000109	0.979325985
ACH-000055	ACH-000111	0.981603584
ACH-000055	ACH-000114	0.980540476
ACH-000055	ACH-000115	0.980846924
ACH-000055	ACH-000117	0.979814331
ACH-000055	ACH-000121	0.980991346
ACH-000055	ACH-000129	0.980137706
ACH-000055	ACH-000132	0.980677144
ACH-000055	ACH-000138	0.980119839
ACH-000055	ACH-000139	0.979894545
ACH-000055	ACH-000142	0.980646392
ACH-000055	ACH-000144	0.980987397
ACH-000055	ACH-000145	0.981560106
ACH-000055	ACH-000147	0.981295629
ACH-000055	ACH-000148	0.980815391
ACH-000055	ACH-000149	0.981017504
ACH-000055	ACH-000159	0.980885505
ACH-000055	ACH-000161	0.980218635
ACH-000055	ACH-000171	0.980058557
ACH-000055	ACH-000174	0.981480443
ACH-000055	ACH-000176	0.979867539
ACH-000055	ACH-000181	0.981584874
ACH-000062	ACH-000001	0.98062142
ACH-000062	ACH-000007	0.97987851
ACH-000062	ACH-000008	0.979985538
ACH-000062	ACH-000009	0.981227676
ACH-000062	ACH-000012	0.98063046
ACH-000062	ACH-000015	0.981602703
ACH-000062	ACH-000023	0.978369381
ACH-000062	ACH-000030	0.980220569
ACH-000062	ACH-000035	0.980882036
ACH-000062	ACH-000040	0.98091779
ACH-000062	ACH-000042	0.98088962
ACH-000062	ACH-000047	0.979625587
ACH-000062	ACH-000052	0.980683123
ACH-000062	ACH-000055	0.980171558
ACH-000062	ACH-000062	0.428137208
ACH-000062	ACH-000067	0.980512685
ACH-000062	ACH-000078	0.980858991
ACH-000062	ACH-000082	0.981060363
ACH-000062	ACH-000087	0.98148969
ACH-000062	ACH-000092	0.981546472
ACH-000062	ACH-000094	0.980854031
ACH-000062	ACH-000098	0.981253502
ACH-000062	ACH-000099	0.980091439
ACH-000062	ACH-000100	0.981274209
ACH-000062	ACH-000102	0.980391579
ACH-000062	ACH-000103	0.980533758
ACH-000062	ACH-000107	0.980602039
ACH-000062	ACH-000109	0.980092845
ACH-000062	ACH-000111	0.980868848
ACH-000062	ACH-000114	0.980512594
ACH-000062	ACH-000115	0.981000957
ACH-000062	ACH-000117	0.980319234
ACH-000062	ACH-000121	0.98103746
ACH-000062	ACH-000129	0.98065901
ACH-000062	ACH-000132	0.980622682
ACH-000062	ACH-000138	0.980004762
ACH-000062	ACH-000139	0.979607882
ACH-000062	ACH-000142	0.980501579
ACH-000062	ACH-000144	0.981130021
ACH-000062	ACH-000145	0.98116545
ACH-000062	ACH-000147	0.981370628
ACH-000062	ACH-000148	0.981262796
ACH-000062	ACH-000149	0.980498888
ACH-000062	ACH-000159	0.980354759
ACH-000062	ACH-000161	0.98007655
ACH-000062	ACH-000171	0.980722307
ACH-000062	ACH-000174	0.981188786
ACH-000062	ACH-000176	0.980697947
ACH-000062	ACH-000181	0.981049828
ACH-000067	ACH-000001	0.981092876
ACH-000067	ACH-000007	0.979974319
ACH-000067	ACH-000008	0.980065308
ACH-000067	ACH-000009	0.981297119
ACH-000067	ACH-000012	0.97991996
ACH-000067	ACH-000015	0.981123816
ACH-000067	ACH-000023	0.981082763
ACH-000067	ACH-000030	0.979373627
ACH-000067	ACH-000035	0.979216345
ACH-000067	ACH-000040	0.980420946
ACH-000067	ACH-000042	0.981169247
ACH-000067	ACH-000047	0.980685135
ACH-000067	ACH-000052	0.980863556
ACH-000067	ACH-000055	0.980302557
ACH-000067	ACH-000062	0.980512685
ACH-000067	ACH-000067	0.428634213
ACH-000067	ACH-000078	0.98133031
ACH-000067	ACH-000082	0.981329104
ACH-000067	ACH-000087	0.981119601
ACH-000067	ACH-000092	0.980937021
ACH-000067	ACH-000094	0.980454554
ACH-000067	ACH-000098	0.980734777
ACH-000067	ACH-000099	0.980184007
ACH-000067	ACH-000100	0.981114953
ACH-000067	ACH-000102	0.980783842
ACH-000067	ACH-000103	0.980528783
ACH-000067	ACH-000107	0.980848013
ACH-000067	ACH-000109	0.979555678
ACH-000067	ACH-000111	0.98069928
ACH-000067	ACH-000114	0.980165309
ACH-000067	ACH-000115	0.981547176
ACH-000067	ACH-000117	0.980734382
ACH-000067	ACH-000121	0.981537849
ACH-000067	ACH-000129	0.980163499
ACH-000067	ACH-000132	0.980256669
ACH-000067	ACH-000138	0.980801481
ACH-000067	ACH-000139	0.9801242
ACH-000067	ACH-000142	0.980490266
ACH-000067	ACH-000144	0.980674608
ACH-000067	ACH-000145	0.981452317
ACH-000067	ACH-000147	0.980626528
ACH-000067	ACH-000148	0.981137516
ACH-000067	ACH-000149	0.980423321
ACH-000067	ACH-000159	0.980819568
ACH-000067	ACH-000161	0.9805437
ACH-000067	ACH-000171	0.981145506
ACH-000067	ACH-000174	0.981410773
ACH-000067	ACH-000176	0.979429065
ACH-000067	ACH-000181	0.981186249
ACH-000078	ACH-000001	0.980274756
ACH-000078	ACH-000007	0.980758946
ACH-000078	ACH-000008	0.981101786
ACH-000078	ACH-000009	0.980813924
ACH-000078	ACH-000012	0.979881832
ACH-000078	ACH-000015	0.980516214
ACH-000078	ACH-000023	0.980824226
ACH-000078	ACH-000030	0.981299626
ACH-000078	ACH-000035	0.980549762
ACH-000078	ACH-000040	0.979763797
ACH-000078	ACH-000042	0.980578611
ACH-000078	ACH-000047	0.979568227
ACH-000078	ACH-000052	0.980728996
ACH-000078	ACH-000055	0.981129426
ACH-000078	ACH-000062	0.980858991
ACH-000078	ACH-000067	0.98133031
ACH-000078	ACH-000078	0.426319537
ACH-000078	ACH-000082	0.978834265
ACH-000078	ACH-000087	0.980814259
ACH-000078	ACH-000092	0.98088884
ACH-000078	ACH-000094	0.981581874
ACH-000078	ACH-000098	0.980581475
ACH-000078	ACH-000099	0.980654143
ACH-000078	ACH-000100	0.980910278
ACH-000078	ACH-000102	0.981018823
ACH-000078	ACH-000103	0.981483225
ACH-000078	ACH-000107	0.981235947
ACH-000078	ACH-000109	0.981435
ACH-000078	ACH-000111	0.980722875
ACH-000078	ACH-000114	0.981256816
ACH-000078	ACH-000115	0.980717048
ACH-000078	ACH-000117	0.980045696
ACH-000078	ACH-000121	0.980943425
ACH-000078	ACH-000129	0.980663985
ACH-000078	ACH-000132	0.98121017
ACH-000078	ACH-000138	0.979424099
ACH-000078	ACH-000139	0.98129643
ACH-000078	ACH-000142	0.981362073
ACH-000078	ACH-000144	0.980456887
ACH-000078	ACH-000145	0.980503688
ACH-000078	ACH-000147	0.980362716
ACH-000078	ACH-000148	0.980309841
ACH-000078	ACH-000149	0.98045077
ACH-000078	ACH-000159	0.981125149
ACH-000078	ACH-000161	0.980967255
ACH-000078	ACH-000171	0.981062174
ACH-000078	ACH-000174	0.980791914
ACH-000078	ACH-000176	0.981448542
ACH-000078	ACH-000181	0.980854602
ACH-000082	ACH-000001	0.980641396
ACH-000082	ACH-000007	0.981298525
ACH-000082	ACH-000008	0.981000527
ACH-000082	ACH-000009	0.980914006
ACH-000082	ACH-000012	0.979921386
ACH-000082	ACH-000015	0.980371379
ACH-000082	ACH-000023	0.980320661
ACH-000082	ACH-000030	0.981379383
ACH-000082	ACH-000035	0.980679915
ACH-000082	ACH-000040	0.980226189
ACH-000082	ACH-000042	0.980261735
ACH-000082	ACH-000047	0.979737912
ACH-000082	ACH-000052	0.980232482
ACH-000082	ACH-000055	0.980716926
ACH-000082	ACH-000062	0.981060363
ACH-000082	ACH-000067	0.981329104
ACH-000082	ACH-000078	0.978834265
ACH-000082	ACH-000082	0.426978756
ACH-000082	ACH-000087	0.980303478
ACH-000082	ACH-000092	0.980738844
ACH-000082	ACH-000094	0.98148982
ACH-000082	ACH-000098	0.98058707
ACH-000082	ACH-000099	0.981422727
ACH-000082	ACH-000100	0.980671533
ACH-000082	ACH-000102	0.981207624
ACH-000082	ACH-000103	0.980817643
ACH-000082	ACH-000107	0.981215415
ACH-000082	ACH-000109	0.980590555
ACH-000082	ACH-000111	0.980584394
ACH-000082	ACH-000114	0.98127923
ACH-000082	ACH-000115	0.980372073
ACH-000082	ACH-000117	0.980073015
ACH-000082	ACH-000121	0.980812453
ACH-000082	ACH-000129	0.98136856
ACH-000082	ACH-000132	0.981155746
ACH-000082	ACH-000138	0.97876862
ACH-000082	ACH-000139	0.981382455
ACH-000082	ACH-000142	0.981113846
ACH-000082	ACH-000144	0.980793172
ACH-000082	ACH-000145	0.980214234
ACH-000082	ACH-000147	0.980292033
ACH-000082	ACH-000148	0.980498346
ACH-000082	ACH-000149	0.981017169
ACH-000082	ACH-000159	0.981495448
ACH-000082	ACH-000161	0.980954991
ACH-000082	ACH-000171	0.980200512
ACH-000082	ACH-000174	0.980905063
ACH-000082	ACH-000176	0.980885097
ACH-000082	ACH-000181	0.980954077
ACH-000087	ACH-000001	0.980792447
ACH-000087	ACH-000007	0.980915607
ACH-000087	ACH-000008	0.981162884
ACH-000087	ACH-000009	0.980383163
ACH-000087	ACH-000012	0.980597379
ACH-000087	ACH-000015	0.980054142
ACH-000087	ACH-000023	0.981337504
ACH-000087	ACH-000030	0.981561958
ACH-000087	ACH-000035	0.981228269
ACH-000087	ACH-000040	0.980238824
ACH-000087	ACH-000042	0.981081737
ACH-000087	ACH-000047	0.980902032
ACH-000087	ACH-000052	0.979560786
ACH-000087	ACH-000055	0.981474845
ACH-000087	ACH-000062	0.98148969
ACH-000087	ACH-000067	0.981119601
ACH-000087	ACH-000078	0.980814259
ACH-000087	ACH-000082	0.980303478
ACH-000087	ACH-000087	0.428152755
ACH-000087	ACH-000092	0.980300538
ACH-000087	ACH-000094	0.980788946
ACH-000087	ACH-000098	0.980282371
ACH-000087	ACH-000099	0.981480288
ACH-000087	ACH-000100	0.980107649
ACH-000087	ACH-000102	0.980556101
ACH-000087	ACH-000103	0.980435271
ACH-000087	ACH-000107	0.980782191
ACH-000087	ACH-000109	0.981242089
ACH-000087	ACH-000111	0.979957885
ACH-000087	ACH-000114	0.980745449
ACH-000087	ACH-000115	0.979858892
ACH-000087	ACH-000117	0.981017791
ACH-000087	ACH-000121	0.980299957
ACH-000087	ACH-000129	0.981461215
ACH-000087	ACH-000132	0.980228295
ACH-000087	ACH-000138	0.980870524
ACH-000087	ACH-000139	0.98121794
ACH-000087	ACH-000142	0.981173447
ACH-000087	ACH-000144	0.980172689
ACH-000087	ACH-000145	0.979592408
ACH-000087	ACH-000147	0.980779846
ACH-000087	ACH-000148	0.979875018
ACH-000087	ACH-000149	0.980938363
ACH-000087	ACH-000159	0.980716948
ACH-000087	ACH-000161	0.981511883
ACH-000087	ACH-000171	0.980178358
ACH-000087	ACH-000174	0.980488406
ACH-000087	ACH-000176	0.981545895
ACH-000087	ACH-000181	0.979724993
ACH-000092	ACH-000001	0.980618796
ACH-000092	ACH-000007	0.981392282
ACH-000092	ACH-000008	0.981526377
ACH-000092	ACH-000009	0.979728989
ACH-000092	ACH-000012	0.981117297
ACH-000092	ACH-000015	0.979741092
ACH-000092	ACH-000023	0.980973377
ACH-000092	ACH-000030	0.981156353
ACH-000092	ACH-000035	0.980906089
ACH-000092	ACH-000040	0.980788081
ACH-000092	ACH-000042	0.980461838
ACH-000092	ACH-000047	0.980585123
ACH-000092	ACH-000052	0.980637821
ACH-000092	ACH-000055	0.981140778
ACH-000092	ACH-000062	0.981546472
ACH-000092	ACH-000067	0.980937021
ACH-000092	ACH-000078	0.98088884
ACH-000092	ACH-000082	0.980738844
ACH-000092	ACH-000087	0.980300538
ACH-000092	ACH-000092	0.428326231
ACH-000092	ACH-000094	0.980463538
ACH-000092	ACH-000098	0.979491345
ACH-000092	ACH-000099	0.981043191
ACH-000092	ACH-000100	0.979848993
ACH-000092	ACH-000102	0.980769973
ACH-000092	ACH-000103	0.980574112
ACH-000092	ACH-000107	0.980387945
ACH-000092	ACH-000109	0.981059578
ACH-000092	ACH-000111	0.980153511
ACH-000092	ACH-000114	0.980722956
ACH-000092	ACH-000115	0.979919595
ACH-000092	ACH-000117	0.981170542
ACH-000092	ACH-000121	0.979712576
ACH-000092	ACH-000129	0.98083038
ACH-000092	ACH-000132	0.980407546
ACH-000092	ACH-000138	0.981164087
ACH-000092	ACH-000139	0.981135721
ACH-000092	ACH-000142	0.981498188
ACH-000092	ACH-000144	0.980531125
ACH-000092	ACH-000145	0.980143904
ACH-000092	ACH-000147	0.98094991
ACH-000092	ACH-000148	0.980111718
ACH-000092	ACH-000149	0.980664553
ACH-000092	ACH-000159	0.980760683
ACH-000092	ACH-000161	0.980784011
ACH-000092	ACH-000171	0.980554019
ACH-000092	ACH-000174	0.979735286
ACH-000092	ACH-000176	0.981376257
ACH-000092	ACH-000181	0.979791732
ACH-000094	ACH-000001	0.981301204
ACH-000094	ACH-000007	0.980923764
ACH-000094	ACH-000008	0.980852889
ACH-000094	ACH-000009	0.980618982
ACH-000094	ACH-000012	0.981271384
ACH-000094	ACH-000015	0.980375132
ACH-000094	ACH-000023	0.981136272
ACH-000094	ACH-000030	0.980189254
ACH-000094	ACH-000035	0.981107703
ACH-000094	ACH-000040	0.981550275
ACH-000094	ACH-000042	0.981102727
ACH-000094	ACH-000047	0.981551877
ACH-000094	ACH-000052	0.981553664
ACH-000094	ACH-000055	0.980422377
ACH-000094	ACH-000062	0.980854031
ACH-000094	ACH-000067	0.980454554
ACH-000094	ACH-000078	0.981581874
ACH-000094	ACH-000082	0.98148982
ACH-000094	ACH-000087	0.980788946
ACH-000094	ACH-000092	0.980463538
ACH-000094	ACH-000094	0.429683931
ACH-000094	ACH-000098	0.98027759
ACH-000094	ACH-000099	0.980864281
ACH-000094	ACH-000100	0.980038541
ACH-000094	ACH-000102	0.980042667
ACH-000094	ACH-000103	0.979689865
ACH-000094	ACH-000107	0.979253538
ACH-000094	ACH-000109	0.980491938
ACH-000094	ACH-000111	0.980798948
ACH-000094	ACH-000114	0.979229546
ACH-000094	ACH-000115	0.980780007
ACH-000094	ACH-000117	0.980869644
ACH-000094	ACH-000121	0.980752052
ACH-000094	ACH-000129	0.980891114
ACH-000094	ACH-000132	0.979429246
ACH-000094	ACH-000138	0.980453747
ACH-000094	ACH-000139	0.980211474
ACH-000094	ACH-000142	0.980443247
ACH-000094	ACH-000144	0.981148325
ACH-000094	ACH-000145	0.980424226
ACH-000094	ACH-000147	0.981129674
ACH-000094	ACH-000148	0.980461464
ACH-000094	ACH-000149	0.981495002
ACH-000094	ACH-000159	0.979703423
ACH-000094	ACH-000161	0.980569909
ACH-000094	ACH-000171	0.981191787
ACH-000094	ACH-000174	0.980028692
ACH-000094	ACH-000176	0.980281239
ACH-000094	ACH-000181	0.980451846
ACH-000098	ACH-000001	0.980776176
ACH-000098	ACH-000007	0.981563642
ACH-000098	ACH-000008	0.980904354
ACH-000098	ACH-000009	0.97977699
ACH-000098	ACH-000012	0.980697099
ACH-000098	ACH-000015	0.979755683
ACH-000098	ACH-000023	0.980612369
ACH-000098	ACH-000030	0.981608953
ACH-000098	ACH-000035	0.980642025
ACH-000098	ACH-000040	0.980533295
ACH-000098	ACH-000042	0.981008197
ACH-000098	ACH-000047	0.980677912
ACH-000098	ACH-000052	0.981223365
ACH-000098	ACH-000055	0.981289474
ACH-000098	ACH-000062	0.981253502
ACH-000098	ACH-000067	0.980734777
ACH-000098	ACH-000078	0.980581475
ACH-000098	ACH-000082	0.98058707
ACH-000098	ACH-000087	0.980282371
ACH-000098	ACH-000092	0.979491345
ACH-000098	ACH-000094	0.98027759
ACH-000098	ACH-000098	0.428430397
ACH-000098	ACH-000099	0.981319328
ACH-000098	ACH-000100	0.979363704
ACH-000098	ACH-000102	0.980388835
ACH-000098	ACH-000103	0.980386455
ACH-000098	ACH-000107	0.980719094
ACH-000098	ACH-000109	0.98143896
ACH-000098	ACH-000111	0.979684654
ACH-000098	ACH-000114	0.98009628
ACH-000098	ACH-000115	0.980212541
ACH-000098	ACH-000117	0.981573195
ACH-000098	ACH-000121	0.97989357
ACH-000098	ACH-000129	0.981294771
ACH-000098	ACH-000132	0.980072862
ACH-000098	ACH-000138	0.981236118
ACH-000098	ACH-000139	0.981527337
ACH-000098	ACH-000142	0.981131387
ACH-000098	ACH-000144	0.98057496
ACH-000098	ACH-000145	0.979427247
ACH-000098	ACH-000147	0.980504172
ACH-000098	ACH-000148	0.979976432
ACH-000098	ACH-000149	0.980350711
ACH-000098	ACH-000159	0.980719175
ACH-000098	ACH-000161	0.981581835
ACH-000098	ACH-000171	0.981296862
ACH-000098	ACH-000174	0.979899755
ACH-000098	ACH-000176	0.981269893
ACH-000098	ACH-000181	0.979595283
ACH-000099	ACH-000001	0.980560462
ACH-000099	ACH-000007	0.979819252
ACH-000099	ACH-000008	0.980216774
ACH-000099	ACH-000009	0.981149244
ACH-000099	ACH-000012	0.981290907
ACH-000099	ACH-000015	0.981475826
ACH-000099	ACH-000023	0.980724887
ACH-000099	ACH-000030	0.980448168
ACH-000099	ACH-000035	0.980799557
ACH-000099	ACH-000040	0.980731308
ACH-000099	ACH-000042	0.980691603
ACH-000099	ACH-000047	0.981054229
ACH-000099	ACH-000052	0.981009331
ACH-000099	ACH-000055	0.980323399
ACH-000099	ACH-000062	0.980091439
ACH-000099	ACH-000067	0.980184007
ACH-000099	ACH-000078	0.980654143
ACH-000099	ACH-000082	0.981422727
ACH-000099	ACH-000087	0.981480288
ACH-000099	ACH-000092	0.981043191
ACH-000099	ACH-000094	0.980864281
ACH-000099	ACH-000098	0.981319328
ACH-000099	ACH-000099	0.427779437
ACH-000099	ACH-000100	0.981160935
ACH-000099	ACH-000102	0.980120049
ACH-000099	ACH-000103	0.980844845
ACH-000099	ACH-000107	0.980485193
ACH-000099	ACH-000109	0.980440151
ACH-000099	ACH-000111	0.98133539
ACH-000099	ACH-000114	0.980846439
ACH-000099	ACH-000115	0.981255151
ACH-000099	ACH-000117	0.980452765
ACH-000099	ACH-000121	0.981135622
ACH-000099	ACH-000129	0.980199449
ACH-000099	ACH-000132	0.980820198
ACH-000099	ACH-000138	0.980671117
ACH-000099	ACH-000139	0.980264393
ACH-000099	ACH-000142	0.980604813
ACH-000099	ACH-000144	0.978804942
ACH-000099	ACH-000145	0.981226908
ACH-000099	ACH-000147	0.981001152
ACH-000099	ACH-000148	0.981492111
ACH-000099	ACH-000149	0.980316683
ACH-000099	ACH-000159	0.980440875
ACH-000099	ACH-000161	0.979794502
ACH-000099	ACH-000171	0.979405833
ACH-000099	ACH-000174	0.981489716
ACH-000099	ACH-000176	0.980399005
ACH-000099	ACH-000181	0.98084053
ACH-000100	ACH-000001	0.980853092
ACH-000100	ACH-000007	0.981600925
ACH-000100	ACH-000008	0.981571792
ACH-000100	ACH-000009	0.97943594
ACH-000100	ACH-000012	0.980823786
ACH-000100	ACH-000015	0.979676132
ACH-000100	ACH-000023	0.980596012
ACH-000100	ACH-000030	0.981562677
ACH-000100	ACH-000035	0.980257163
ACH-000100	ACH-000040	0.980232604
ACH-000100	ACH-000042	0.981014114
ACH-000100	ACH-000047	0.9809415
ACH-000100	ACH-000052	0.981272656
ACH-000100	ACH-000055	0.981240649
ACH-000100	ACH-000062	0.981274209
ACH-000100	ACH-000067	0.981114953
ACH-000100	ACH-000078	0.980910278
ACH-000100	ACH-000082	0.980671533
